# r omega_b omega_cdm theta_s_1e2 logA n_s tau_reio Ecal Tcal BBdust BBsync BBalphadust BBalphasync BBbetadust BBbetasync BBdustsynccorr A_act P_act
9.992740178241400057e-05 3.289526093793826478e-08 -3.887946172113134870e-07 -4.280668245570808517e-08 -6.080791320728895715e-07 8.411361217328522021e-07 1.935560412131619352e-07 -1.515207978588174276e-07 3.837830604139981481e-07 4.687472045040262246e-04 -4.551835087017440948e-04 3.278273011126001628e-05 -8.503171216427947248e-05 2.115414600401599779e-04 -2.829538351611445728e-04 -3.050446048629961446e-04 -1.676484878434731985e-07 5.612685842788007833e-07
3.289526093793827140e-08 8.888026841192580566e-09 -2.334975868185026255e-08 1.212788098068428343e-09 1.991466415054130431e-07 3.331303848637936539e-09 8.916451935625642640e-08 -2.913406477554915535e-08 6.201536535972849230e-09 -1.878480267309746170e-06 -8.158634882483326974e-07 -3.406555055000787040e-07 -2.080720401772153314e-07 -3.677576065614203230e-07 3.870732871658512183e-07 3.011324692731514033e-07 1.901570727405523261e-08 -2.649039632584699853e-08
-3.887946172113134870e-07 -2.334975868185026255e-08 8.020318202838927541e-07 -2.005963554334363899e-08 -4.059502435843190270e-06 -1.575723431840695218e-06 -2.344820349512786544e-06 -4.066141515657525581e-07 -3.943847281607145095e-07 6.830843456381744174e-06 -9.047691253193163039e-07 -5.177743440235388787e-07 2.499490504399008236e-07 1.268662808818876091e-06 -2.362875080749955441e-06 -5.573435147472777781e-06 -6.522103347985248350e-07 -1.133186622655228212e-07
-4.280668245570807855e-08 1.212788098068428343e-09 -2.005963554334363899e-08 5.261193963859424443e-08 2.606910672627766654e-07 1.238811860302341883e-07 1.196438431764958007e-07 2.037445296690296494e-09 3.746665968981930551e-08 2.904365646912307200e-06 -1.404488846159758508e-06 -8.568084923458728707e-07 -5.387228805623114122e-07 -1.138750010606178327e-08 1.468158252511769628e-06 -4.173065824529763969e-07 1.561238983559061015e-08 3.388516371019081510e-08
-6.080791320728880892e-07 1.991466415054130166e-07 -4.059502435843191117e-06 2.606910672627767184e-07 1.015594202617918599e-04 7.291988450036100596e-06 5.130200588006210064e-05 1.365915701964414152e-06 2.359483311883697770e-06 8.708058418748161925e-05 -5.038839947853019036e-05 -5.089882815222227425e-05 -4.434999034178207670e-05 3.444927544906087373e-05 1.418036693371137809e-05 5.899971252392107894e-05 3.841639664028469287e-06 3.746473672748755992e-07
8.411361217328524139e-07 3.331303848637936539e-09 -1.575723431840695218e-06 1.238811860302341883e-07 7.291988450036100596e-06 1.014122707763598141e-05 5.612815839939291177e-06 3.597139148465319206e-07 1.208467155391255448e-06 -4.141725860180389094e-05 3.087419967476539446e-06 8.390229408071731514e-06 4.984645691906293420e-06 -6.897012065791532202e-06 1.918503110317778287e-05 6.367602539587056329e-06 7.474269825771862240e-07 5.374210103852798332e-07
1.935560412131619352e-07 8.916451935625642640e-08 -2.344820349512786544e-06 1.196438431764958007e-07 5.130200588006210064e-05 5.612815839939291177e-06 3.087453264794550828e-05 -3.726392058039824001e-07 -1.580031274437711750e-06 1.622846819166843949e-05 1.147513427923859985e-05 -1.649133470046338807e-05 -2.005382728162126852e-05 7.623357399049376813e-06 6.757714747028541180e-08 3.001242019069404077e-05 -2.141347809032237902e-06 1.995223247814797329e-07
-1.515207978588175600e-07 -2.913406477554915535e-08 -4.066141515657525581e-07 2.037445296690296494e-09 1.365915701964414152e-06 3.597139148465319206e-07 -3.726392058039824001e-07 1.640362855012138360e-05 -3.637346370013276564e-06 -3.394505947525808682e-05 8.208562031575689834e-07 1.054964303578812192e-05 7.894619403540906722e-06 -3.963726630707915398e-07 -9.014931438289733317e-06 -3.025125763988147724e-05 1.452801600523677451e-06 2.622789132659328405e-07
3.837830604139984128e-07 6.201536535972849230e-09 -3.943847281607145095e-07 3.746665968981930551e-08 2.359483311883697770e-06 1.208467155391255448e-06 -1.580031274437711750e-06 -3.637346370013276564e-06 6.885265372058850286e-06 2.853523143668258667e-05 -3.448437157513907649e-05 -1.760006308104975860e-06 -1.147778118004733935e-06 8.553961882143902611e-06 1.708376678469324101e-05 2.512413742816703698e-05 3.057716137582242351e-06 2.511209138377619247e-07
4.687472045040262246e-04 -1.878480267309745747e-06 6.830843456381744174e-06 2.904365646912306777e-06 8.708058418748159215e-05 -4.141725860180389771e-05 1.622846819166844627e-05 -3.394505947525808682e-05 2.853523143668257650e-05 5.686704111916037752e-01 -9.602805179475258288e-03 -6.234839463571097834e-02 4.973739001703217426e-05 5.653052638798852780e-02 -6.146246827065912459e-03 3.386251181033436003e-02 1.927067662218065106e-05 3.120152479478501586e-05
-4.551835087017442032e-04 -8.158634882483330150e-07 -9.047691253193170450e-07 -1.404488846159758720e-06 -5.038839947853026490e-05 3.087419967476538176e-06 1.147513427923859985e-05 8.208562031575616777e-07 -3.448437157513907649e-05 -9.602805179475260022e-03 2.100011230431319820e-01 2.089621933042917453e-04 1.469057207032019481e-02 -2.327560525326697726e-03 -2.552134368910171161e-02 -1.333804195040085711e-03 -3.148631861554309789e-05 4.624640556612903614e-06
3.278273011126000950e-05 -3.406555055000786511e-07 -5.177743440235391964e-07 -8.568084923458728707e-07 -5.089882815222227425e-05 8.390229408071733208e-06 -1.649133470046338807e-05 1.054964303578812362e-05 -1.760006308104977342e-06 -6.234839463571097834e-02 2.089621933042919079e-04 3.506139858310124147e-02 3.225254067175846798e-04 8.934381130998483682e-04 -7.377651195660254102e-04 1.530826310891986522e-03 -5.883252580938534950e-06 -5.745638369721140608e-07
-8.503171216427947248e-05 -2.080720401772152255e-07 2.499490504399004530e-07 -5.387228805623113063e-07 -4.434999034178209703e-05 4.984645691906294267e-06 -2.005382728162126175e-05 7.894619403540910111e-06 -1.147778118004736900e-06 4.973739001703179479e-05 1.469057207032019481e-02 3.225254067175847882e-04 8.012568478201421984e-02 -2.061780081752915834e-04 1.250794884659887397e-03 4.307672555133495833e-03 2.141555455494283837e-08 -1.576960417796918100e-05
2.115414600401599779e-04 -3.677576065614203759e-07 1.268662808818876726e-06 -1.138750010606176011e-08 3.444927544906087373e-05 -6.897012065791533049e-06 7.623357399049370884e-06 -3.963726630708000631e-07 8.553961882143902611e-06 5.653052638798852780e-02 -2.327560525326698593e-03 8.934381130998479345e-04 -2.061780081752912581e-04 1.564400413077076876e-02 -1.938384764395418300e-03 9.853303363901272718e-03 8.487212769502366639e-06 2.989339974438011607e-06
-2.829538351611445728e-04 3.870732871658511654e-07 -2.362875080749955441e-06 1.468158252511769628e-06 1.418036693371135607e-05 1.918503110317778287e-05 6.757714747028099134e-08 -9.014931438289733317e-06 1.708376678469324101e-05 -6.146246827065911592e-03 -2.552134368910171161e-02 -7.377651195660254102e-04 1.250794884659887181e-03 -1.938384764395417867e-03 8.165108040779232856e-02 8.618711088742183127e-03 8.260861097374349373e-06 7.822689057370047186e-07
-3.050446048629961446e-04 3.011324692731512974e-07 -5.573435147472778628e-06 -4.173065824529765557e-07 5.899971252392109249e-05 6.367602539587057176e-06 3.001242019069404754e-05 -3.025125763988147724e-05 2.512413742816703698e-05 3.386251181033436697e-02 -1.333804195040085277e-03 1.530826310891985655e-03 4.307672555133496700e-03 9.853303363901272718e-03 8.618711088742183127e-03 1.240226130380086833e-01 9.378920670371643242e-06 1.418875844603317810e-05
-1.676484878434734896e-07 1.901570727405523261e-08 -6.522103347985248350e-07 1.561238983559061015e-08 3.841639664028470134e-06 7.474269825771862240e-07 -2.141347809032237902e-06 1.452801600523677451e-06 3.057716137582242351e-06 1.927067662218064767e-05 -3.148631861554309789e-05 -5.883252580938534103e-06 2.141555455494136599e-08 8.487212769502368333e-06 8.260861097374349373e-06 9.378920670371641548e-06 5.085780250664064312e-06 -1.412386002463184680e-07
5.612685842788007833e-07 -2.649039632584699853e-08 -1.133186622655228212e-07 3.388516371019081510e-08 3.746473672748755992e-07 5.374210103852798332e-07 1.995223247814797329e-07 2.622789132659328405e-07 2.511209138377619247e-07 3.120152479478501586e-05 4.624640556612902767e-06 -5.745638369721140608e-07 -1.576960417796918100e-05 2.989339974438011607e-06 7.822689057370054598e-07 1.418875844603317810e-05 -1.412386002463184680e-07 6.030767139967246664e-06
