# SPA_BK 68% and 95% contours in the r-ns plane.
#  ns (1 sigma), r (1 sigma), ns (2 sigma), r (2 sigma)
9.710168127577780695e-01 0.000000000000000000e+00 9.751318199986178659e-01 0.000000000000000000e+00
9.711859310747587015e-01 5.854383832499025992e-04 9.751337942604446640e-01 8.740605570796465898e-04
9.713438458764370731e-01 1.173981495120366737e-03 9.751457208306204549e-01 1.748057028732933477e-03
9.714825823217146938e-01 1.767321155181914927e-03 9.751661003915125248e-01 2.621896432170451631e-03
9.716058982582802539e-01 2.364083983127649932e-03 9.751932344442703071e-01 3.495551987291367537e-03
9.717164549951694541e-01 2.963344095016177352e-03 9.752315886272046042e-01 4.368784653781407172e-03
9.718166599397882743e-01 3.564426283553460972e-03 9.752772359101548050e-01 5.241671863883745619e-03
9.719079981195822837e-01 4.166921877337354321e-03 9.753269859389752661e-01 6.114334221424134151e-03
9.719905604902485674e-01 4.770686681339542622e-03 9.753806805407936320e-01 6.986763338828512991e-03
9.720665560553765072e-01 5.375311929392111686e-03 9.754372123711312348e-01 7.859013527527951640e-03
9.721351621894350759e-01 5.980824378587781820e-03 9.754971918315055168e-01 8.731033585192603599e-03
9.721972548003305903e-01 6.587033524199310645e-03 9.755515923957757130e-01 9.603415351700228531e-03
9.722546817094782634e-01 7.193705720414194336e-03 9.755994040054484229e-01 1.047618610083362115e-02
9.723058606022478845e-01 7.800937488320262674e-03 9.756381398672575589e-01 1.134939223262784909e-02
9.723519083486654724e-01 8.408579498582126333e-03 9.756621466973528500e-01 1.222313227242062539e-02
9.723921746568174873e-01 9.016631334260886976e-03 9.756722040651599759e-01 1.309714215014582718e-02
9.724274503425204275e-01 9.624990956219558330e-03 9.756699803448628527e-01 1.397119734870747206e-02
9.724575992121541335e-01 1.023363109480738241e-02 9.756570309832243160e-01 1.484517256795684151e-02
9.724838577294319109e-01 1.084244911387025750e-02 9.756375422690856114e-01 1.571903262480811234e-02
9.725046610732077657e-01 1.145147799571373179e-02 9.756075598409728045e-01 1.659259735510078618e-02
9.725206636613591415e-01 1.206065174574012279e-02 9.755709585156253638e-01 1.746590559044232729e-02
9.725289919063805355e-01 1.266997184046422635e-02 9.755332869180071143e-01 1.833917356240832158e-02
9.725304642482283102e-01 1.327935361585166202e-02 9.754956698664103421e-01 1.921244463112670164e-02
9.725255716902271308e-01 1.388871970210628012e-02 9.754564583555882518e-01 2.008564424050659700e-02
9.725185176012697275e-01 1.449805481696899920e-02 9.754116358552621380e-01 2.095857305430538081e-02
9.725039305045817262e-01 1.510726696261215432e-02 9.753619004335781772e-01 2.183123721074791204e-02
9.724842609949658767e-01 1.571633150959313163e-02 9.753068301523788453e-01 2.270358017552498789e-02
9.724581627803937645e-01 1.632515821681531851e-02 9.752406462210240212e-01 2.357514920203439279e-02
9.724243290198837375e-01 1.693359677241327785e-02 9.751630366617827228e-01 2.444576745324540321e-02
9.723850042958579465e-01 1.754171248662925869e-02 9.750760408056178274e-01 2.531550653878247154e-02
9.723385625610629912e-01 1.814931726753168939e-02 9.749858478059358902e-01 2.618492102879127134e-02
9.722844224045016359e-01 1.875628583743225997e-02 9.748806228557370668e-01 2.705264491287746181e-02
9.722232595896288521e-01 1.936259136660169189e-02 9.747605449324043825e-01 2.791841984141404595e-02
9.721547453600992705e-01 1.996811014501881712e-02 9.746286270510261529e-01 2.878246962201222794e-02
9.720777555314684681e-01 2.057260243750191203e-02 9.744826407874105367e-01 2.964425717733365842e-02
9.719921930434188839e-01 2.117594407395113898e-02 9.743253481902359736e-01 3.050405119627445580e-02
9.718994303169619098e-01 2.177822363978349635e-02 9.741475877823698726e-01 3.135985655112475540e-02
9.717944443910389030e-01 2.237848180044845273e-02 9.739610696777848409e-01 3.221378249731636501e-02
9.716799193929986922e-01 2.297700280579263038e-02 9.737565509126743235e-01 3.306358395607959799e-02
9.715495138772708428e-01 2.357222930324711849e-02 9.735369048250348545e-01 3.390959910688099571e-02
9.714056300915900888e-01 2.416437008286528507e-02 9.732926095618860129e-01 3.474878108055211995e-02
9.712495345773716204e-01 2.475340958200493435e-02 9.730195036010018672e-01 3.557901807831041069e-02
9.710718377838123416e-01 2.533624059044537261e-02 9.727191489560049753e-01 3.639981976898249566e-02
9.708721379465437007e-01 2.591194529467253510e-02 9.723837415248144378e-01 3.720693065879888267e-02
9.706452056592365096e-01 2.647735574965539435e-02 9.720066996333450726e-01 3.799521282255140242e-02
9.703849800301661555e-01 2.702823268128228332e-02 9.715701932185835110e-01 3.875227803976839802e-02
9.700778429974304951e-01 2.755408370327863676e-02 9.710887781178541012e-01 3.948147925346227188e-02
9.697069306029596492e-01 2.803669618157517140e-02 9.705373395717825646e-01 4.015901486590885833e-02
9.692617581843598895e-01 2.845075662149587278e-02 9.698815630264194798e-01 4.073495935916711386e-02
9.687060206336094437e-01 2.868853965956297616e-02 9.690936982861673155e-01 4.109857060118848188e-02
9.681083673573528392e-01 2.862345311179885846e-02 9.682393699683976562e-01 4.099715701347698277e-02
9.675926861956790637e-01 2.830429415807400248e-02 9.674955980257600174e-01 4.054395371337837090e-02
9.671687470232906980e-01 2.786775913584709982e-02 9.668611561651425657e-01 3.994376915532508315e-02
9.668114856074931929e-01 2.737443045473758954e-02 9.663070145248896514e-01 3.926813034434725042e-02
9.665017091579646280e-01 2.684980445690848469e-02 9.658087909516619440e-01 3.855047504398262381e-02
9.662255342673221614e-01 2.630672737342653472e-02 9.653619622272361367e-01 3.779933730717082579e-02
9.659788300156022522e-01 2.574955989321984703e-02 9.649532080121054900e-01 3.702676915054133738e-02
9.657552118598470292e-01 2.518271885531591855e-02 9.645809393246780328e-01 3.623601668363302802e-02
9.655540555111499224e-01 2.460754953256971342e-02 9.642432547274722987e-01 3.542986199363033772e-02
9.653701296198027304e-01 2.402664876725539231e-02 9.639258915078137147e-01 3.461548524371252378e-02
9.651984688804940982e-01 2.344196342608436193e-02 9.636394572595499142e-01 3.378971950136114982e-02
9.650430136178170804e-01 2.285275085711810372e-02 9.633697357081331125e-01 3.295837192444391051e-02
9.648962826050136998e-01 2.226132021942423336e-02 9.631198799251435849e-01 3.212078085053394344e-02
9.647623499344439857e-01 2.166683904628224216e-02 9.628861343138822582e-01 3.127853883830892384e-02
9.646388750387576705e-01 2.107010271276215166e-02 9.626790595844008092e-01 3.042937291465873384e-02
9.645204266269749027e-01 2.047233956863228274e-02 9.624836372133754869e-01 2.957744369132440584e-02
9.644077457903803552e-01 1.987346164067819651e-02 9.623022513445635973e-01 2.872239583643115476e-02
9.643040873902242183e-01 1.927295760787924375e-02 9.621383664957872117e-01 2.786382601591716815e-02
9.642057732088029631e-01 1.867155483279576977e-02 9.619845086340517160e-01 2.700340459167178270e-02
9.641139343780448234e-01 1.806913302135487037e-02 9.618421778811735434e-01 2.614100978085172333e-02
9.640297334402997409e-01 1.746560106010531729e-02 9.617120757860055935e-01 2.527667166391723771e-02
9.639509549780432840e-01 1.686132899640816266e-02 9.615913257515681378e-01 2.441099169142829303e-02
9.638779719937686785e-01 1.625633352194144274e-02 9.614783066783897381e-01 2.354425311608484769e-02
9.638075521137291490e-01 1.565104552282906014e-02 9.613682394302529577e-01 2.267713371935354411e-02
9.637477046681661719e-01 1.504460618402485989e-02 9.612615458193621842e-01 2.180958933241879810e-02
9.636926083384209640e-01 1.443772745715069319e-02 9.611547769589018353e-01 2.094205993668639409e-02
9.636454344636109504e-01 1.383017526596458900e-02 9.610493670241399000e-01 2.007436268251163933e-02
9.636049554353873781e-01 1.322214201209016143e-02 9.609508819962043757e-01 1.920585266304069422e-02
9.635720503491391753e-01 1.261364590969884028e-02 9.608569569044592695e-01 1.833684359811207226e-02
9.635494036313182464e-01 1.200468233805784303e-02 9.607740111022834428e-01 1.746670827374497206e-02
9.635354481574701646e-01 1.139546061765347139e-02 9.606978097385745485e-01 1.659595788908417580e-02
9.635297628335837139e-01 1.078610412605660734e-02 9.606239752255300024e-01 1.572501921578714143e-02
9.635308454235846920e-01 1.017672355404942129e-02 9.605654879374490029e-01 1.485290102428112394e-02
9.635391425625946527e-01 9.567400827774633770e-03 9.605161545697968872e-01 1.398021779900988568e-02
9.635571107168716676e-01 8.958289721315687223e-03 9.604751687081706235e-01 1.310710703545352358e-02
9.635852967048685880e-01 8.349564028402187144e-03 9.604465862359616857e-01 1.223349773824308588e-02
9.636221403953101339e-01 7.741299851166114250e-03 9.604270834207502272e-01 1.135965909918043408e-02
9.636675259828347828e-01 7.133613832891115038e-03 9.604178288225607707e-01 1.048563013211693297e-02
9.637236831096780421e-01 6.526831541806738662e-03 9.604165050639851264e-01 9.611562650356106352e-03
9.637897082782186375e-01 5.921047960892181390e-03 9.604239365895953506e-01 8.737519051310684015e-03
9.638662885250324219e-01 5.316509056966855357e-03 9.604393334711579522e-01 7.863577871067591388e-03
9.639532208029930604e-01 4.713360500117422941e-03 9.604586313947288678e-01 6.989712038408326354e-03
9.640517701825327412e-01 4.111996143577577485e-03 9.604811047323201789e-01 6.115921843288708686e-03
9.641634599810597894e-01 3.512938465131852477e-03 9.605063655687058333e-01 5.242206302297012198e-03
9.642890818729757951e-01 2.916659287129153184e-03 9.605347265854804473e-01 4.368585417652595150e-03
9.644285815315393195e-01 2.323469146953904222e-03 9.605623352021728234e-01 3.494940866142714608e-03
9.645837586475737302e-01 1.734218130223961866e-03 9.605911923478466230e-01 2.621336371467008781e-03
9.647573562750547671e-01 1.150114720414678257e-03 9.606186578125139874e-01 1.747687394370488027e-03
9.649506066841525564e-01 5.722171134397359849e-04 9.606417694075670699e-01 8.739182134193508806e-04
9.651601053735410218e-01 0.000000000000000000e+00 9.606580456860371875e-01 0.000000000000000000e+00
