# SPA_BK_DESI 68% and 95% contours in the r-ns plane.
#  ns (1 sigma), r (1 sigma), ns (2 sigma), r (2 sigma)
9.746955394647373039e-01 0.000000000000000000e+00 9.786092103715796631e-01 0.000000000000000000e+00
9.748836457617694462e-01 6.008601024664259049e-04 9.787440753390220793e-01 8.922386563892045503e-04
9.750654681308628113e-01 1.203661295073353088e-03 9.788620135436145731e-01 1.786855231180435426e-03
9.752398370163106733e-01 1.808647320759771641e-03 9.789649406474010274e-01 2.683335172546226673e-03
9.754045586102110255e-01 2.416346128346347644e-03 9.790558881574085159e-01 3.581117774744443927e-03
9.755580442143454434e-01 3.026966472660721184e-03 9.791353454907920639e-01 4.479990737574757013e-03
9.757029785635432662e-01 3.639678780431890477e-03 9.792044050524758569e-01 5.379719358569672039e-03
9.758387317145258422e-01 4.254493188642807788e-03 9.792628267357768035e-01 6.280205466085589903e-03
9.759635880756524218e-01 4.871613067438557675e-03 9.793111769600081340e-01 7.181285373657530190e-03
9.760783845905354195e-01 5.490672147628456595e-03 9.793518882858216479e-01 8.082744091953251650e-03
9.761822271485279812e-01 6.111667413796855602e-03 9.793886089080804380e-01 8.984372478279104707e-03
9.762766527893940172e-01 6.734174019591326714e-03 9.794173066034479458e-01 9.886297340979066650e-03
9.763608398230606555e-01 7.358146174669912519e-03 9.794416915117716282e-01 1.078834842743956260e-02
9.764363136799697473e-01 7.983226360840457725e-03 9.794621185553128440e-01 1.169049959840379009e-02
9.765039619755300215e-01 8.609204085799258832e-03 9.794768071945527677e-01 1.259276039982302683e-02
9.765635229346695256e-01 9.236005481849267340e-03 9.794847664573630430e-01 1.349510672085290838e-02
9.766140793424278321e-01 9.863597989015102444e-03 9.794874071365636814e-01 1.439747576324644680e-02
9.766569308590427045e-01 1.049176309999309137e-02 9.794847067861240930e-01 1.529983910364013031e-02
9.766924367845637445e-01 1.112038401719009015e-02 9.794761062025755249e-01 1.620216959002100665e-02
9.767220574125533572e-01 1.174931205286867952e-02 9.794564935371241621e-01 1.710433597498172212e-02
9.767440676558929447e-01 1.237855068448420227e-02 9.794340332541009442e-01 1.800643713023580492e-02
9.767577759230862133e-01 1.300802736803133818e-02 9.794028049839849093e-01 1.890827652276019788e-02
9.767649876092916461e-01 1.363761065109414701e-02 9.793663312889026029e-01 1.980991241135731870e-02
9.767654824237924638e-01 1.426723429456654146e-02 9.793225025845053722e-01 2.071122684017000573e-02
9.767595843038709980e-01 1.489683344177603931e-02 9.792758626168568403e-01 2.161240185118955617e-02
9.767466732855224487e-01 1.552632889105688176e-02 9.792252837458241821e-01 2.251336259731148010e-02
9.767257968971453375e-01 1.615560290565101406e-02 9.791733488765865800e-01 2.341424865507807374e-02
9.766988561909762945e-01 1.678465465685348781e-02 9.791129054609714055e-01 2.431459988632312524e-02
9.766679235634165845e-01 1.741351799018620375e-02 9.790496448790283468e-01 2.521475925937062199e-02
9.766303251710847233e-01 1.804202297692325541e-02 9.789768846050719286e-01 2.611419101995538297e-02
9.765874467216943966e-01 1.867018641613209934e-02 9.789005876272384166e-01 2.701333791617552271e-02
9.765389605008895080e-01 1.929794420862166945e-02 9.788138432173433268e-01 2.791153441979949204e-02
9.764859451829952519e-01 1.992533291759359185e-02 9.787165280066225659e-01 2.880864151627982733e-02
9.764260983889062606e-01 2.055210935943662873e-02 9.786055169425565969e-01 2.970415870640814859e-02
9.763618499476195423e-01 2.117845041285002297e-02 9.784799228889389244e-01 3.059774168294128807e-02
9.762925740019356979e-01 2.180424986342699781e-02 9.783403251742543993e-01 3.148925291385776953e-02
9.762157175395996811e-01 2.242916591304781188e-02 9.781870483596264432e-01 3.237851630171943024e-02
9.761308029743945847e-01 2.305303819114153455e-02 9.780199500820803138e-01 3.326527087625875956e-02
9.760382646494968339e-01 2.367581920468169593e-02 9.778376485822196651e-01 3.414903249541709901e-02
9.759352988834631981e-01 2.429696266043466710e-02 9.776426047380079032e-01 3.503008409942297979e-02
9.758211116273098895e-01 2.491612114957856769e-02 9.774327860868454732e-01 3.590769951483561290e-02
9.756925954851474181e-01 2.553249271976520615e-02 9.772008210387262972e-01 3.677973847654984058e-02
9.755495783571330737e-01 2.614565425230386611e-02 9.769457686746438885e-01 3.764526408155620396e-02
9.753844398524037507e-01 2.675317431871126680e-02 9.766632042007645786e-01 3.850220587740210004e-02
9.751959876272181527e-01 2.735387182559424063e-02 9.763403567759163515e-01 3.934465264125882461e-02
9.749748678440303129e-01 2.794332261328627207e-02 9.759652611157920710e-01 4.016521409988869223e-02
9.747111697740841185e-01 2.851484102761969383e-02 9.755310588905078406e-01 4.095586080092866038e-02
9.743908546150402694e-01 2.905644056171683212e-02 9.750077813247262082e-01 4.168965567241651043e-02
9.739766658619235518e-01 2.952876943945959703e-02 9.743633333003592911e-01 4.231846313430391582e-02
9.734313275577600733e-01 2.982871390741867121e-02 9.735765616543980983e-01 4.274579881617263794e-02
9.728169084428286428e-01 2.976214621437970817e-02 9.726934702851667280e-01 4.267714335924508579e-02
9.723061007769487896e-01 2.940070375438016970e-02 9.719809317104572965e-01 4.213255288223585748e-02
9.719015430270565581e-01 2.891937066106175722e-02 9.714177632123951467e-01 4.142837148622304649e-02
9.715628545091410384e-01 2.838894941081196444e-02 9.709193004293610318e-01 4.067640331683458621e-02
9.712666203766667783e-01 2.783354786613123286e-02 9.704514392077748797e-01 3.990502596201849633e-02
9.710047357180967564e-01 2.726103723800765363e-02 9.700218128505974091e-01 3.911157922981137874e-02
9.707691197420461604e-01 2.667724629717825244e-02 9.696302100644950128e-01 3.829871340218892611e-02
9.705505694284444207e-01 2.608679761844242065e-02 9.692816164945219359e-01 3.746652560336296428e-02
9.703505272212001875e-01 2.548983436336851524e-02 9.689767984365779130e-01 3.661737578293352419e-02
9.701683522958447492e-01 2.488714479018476131e-02 9.687077289427830085e-01 3.575607574225860702e-02
9.699987932727500706e-01 2.428078661161836571e-02 9.684731869576641561e-01 3.488476624238482510e-02
9.698407992900789365e-01 2.367132872212206890e-02 9.682594038155498684e-01 3.400809478303829653e-02
9.696955009763967848e-01 2.305869775486818138e-02 9.680636383551985968e-01 3.312721354720066930e-02
9.695601534704437752e-01 2.244379442008740191e-02 9.678824590810466422e-01 3.224321500322727824e-02
9.694349262280916868e-01 2.182675236758117865e-02 9.677131116392991839e-01 3.135686806259291998e-02
9.693191341683456974e-01 2.120787191274962555e-02 9.675478149614559209e-01 3.046976919636012332e-02
9.692148094929478042e-01 2.058694996015346737e-02 9.673858145621050397e-01 2.958204839848363465e-02
9.691197189920794930e-01 1.996455649049184294e-02 9.672287098430191188e-01 2.869346219322460936e-02
9.690345931703846505e-01 1.934071677997939095e-02 9.670759440590911415e-01 2.780410662805305258e-02
9.689587581277885331e-01 1.871567870680470105e-02 9.669274615458330890e-01 2.691403004890686318e-02
9.688893050986293609e-01 1.808989694202529572e-02 9.667876419701351143e-01 2.602255108161812339e-02
9.688272336591161604e-01 1.746333641739163112e-02 9.666555327097353656e-01 2.512990698392746428e-02
9.687713665950044017e-01 1.683619669378753556e-02 9.665315105151577324e-01 2.423610102906247760e-02
9.687236244462908985e-01 1.620838569907789850e-02 9.664186806074056557e-01 2.334080682225294495e-02
9.686812615519706515e-01 1.558018678626598048e-02 9.663155353771715195e-01 2.244435720205464543e-02
9.686446384771492113e-01 1.495162556347093448e-02 9.662267797480830200e-01 2.154635887665135030e-02
9.686140639473403979e-01 1.432274157512285033e-02 9.661469199855112766e-01 2.064752446009974693e-02
9.685907180174829767e-01 1.369355268910857175e-02 9.660785791702272141e-01 1.974773949559997452e-02
9.685729787357157949e-01 1.306417460817552861e-02 9.660216790731860348e-01 1.884716233250216533e-02
9.685599323622356982e-01 1.243468528918668589e-02 9.659736389213801067e-01 1.794606453104500079e-02
9.685575321893690193e-01 1.180506963543980631e-02 9.659314929837227170e-01 1.704467404020407542e-02
9.685607811210372731e-01 1.117545251427640336e-02 9.659025946137203000e-01 1.614276341375027457e-02
9.685698255876348250e-01 1.054589049863676950e-02 9.658804785559945705e-01 1.524065191867799048e-02
9.685865574250769328e-01 9.916496144331071738e-03 9.658613419996837646e-01 1.433847906107114586e-02
9.686126651904853890e-01 9.287417727142852075e-03 9.658487234325191517e-01 1.343618846339565687e-02
9.686487495063295095e-01 8.658828059841335370e-03 9.658413208562369734e-01 1.253384108080493782e-02
9.686932874883893430e-01 8.030787105496414724e-03 9.658441413504139650e-01 1.163146598587895889e-02
9.687478019175357336e-01 7.403535740797181561e-03 9.658524478927748014e-01 1.072912451086658302e-02
9.688132769255263232e-01 6.777324793098231555e-03 9.658691765579255906e-01 9.826904880426402811e-03
9.688900164495086731e-01 6.152398911772452572e-03 9.658927634866445455e-01 8.924835759457268661e-03
9.689784233690525994e-01 5.529024187406191698e-03 9.659269643444168274e-01 8.023115248694175430e-03
9.690770992375864479e-01 4.907189012512926628e-03 9.659746453424991053e-01 7.122004675073005664e-03
9.691886740178076165e-01 4.287534024802872393e-03 9.660342263264732887e-01 6.221603828182757645e-03
9.693115432387685582e-01 3.670021122791497763e-03 9.661128827435851996e-01 5.322677448188007157e-03
9.694430947344793159e-01 3.054295443562681216e-03 9.662110969948224382e-01 4.425692071773385146e-03
9.695834542643675391e-01 2.440515690269442605e-03 9.663330113905359564e-01 3.531629329064105063e-03
9.697309843143652186e-01 1.828419488541311970e-03 9.664758406513042077e-01 2.640660912677472629e-03
9.698856044458740167e-01 1.218073767366231611e-03 9.666442454944765839e-01 1.754173553488566758e-03
9.700439807571933359e-01 6.086902078003934846e-04 9.668427782938101567e-01 8.739648797041448935e-04
9.702050052088948551e-01 0.000000000000000000e+00 9.670672923675929233e-01 0.000000000000000000e+00
