# r omega_b omega_cdm theta_s_1e2 logA n_s tau_reio Ecal Tcal BBdust BBsync BBalphadust BBalphasync BBbetadust BBbetasync BBdustsynccorr A_act P_act
9.936347097590813898e-05 -2.263122403195971402e-09 -1.155942733760664095e-07 2.070862460718548286e-08 -4.360782494121786454e-06 3.853681949518218573e-07 -2.406162806119649659e-06 -5.007109389372592173e-07 3.773642642056857467e-07 5.130735884159730222e-04 -5.048367845593954668e-04 3.695186676540234387e-05 -5.993392493979137408e-05 2.319895428800769293e-04 -3.479262839653166225e-04 -3.482956736178770122e-04 5.658219197328914922e-07 1.668855009194722528e-07
-2.263122403195968921e-09 8.560183372670404981e-09 -6.639619888732531824e-09 -3.323748034305765364e-10 7.995438814335022189e-08 -3.182122425594976824e-08 1.444847800597895237e-08 -2.749242107441788695e-08 5.640523865266596413e-10 4.256402337275507873e-07 -4.615239271556188755e-07 5.925716684915884028e-08 -1.022597196623996736e-07 -7.325951759609178565e-09 7.084163939119837563e-08 4.683509006691667923e-07 1.372625493054755849e-08 -2.181424614315509784e-08
-1.155942733760663963e-07 -6.639619888732531824e-09 3.682659846643134799e-07 9.072798734010283556e-09 -1.756881082288525310e-06 -7.996495997494596932e-07 -1.056687510327635932e-06 -1.810933071731265672e-07 -1.840219297262812924e-07 7.534940494666959027e-06 -3.119551699111434888e-07 -2.115856625607672482e-06 2.230097396479603099e-06 4.340153955692622457e-07 -2.059701934502665749e-06 -3.299566379579561375e-06 -2.938332169474074078e-07 -6.114342861844919281e-08
2.070862460718548947e-08 -3.323748034305765364e-10 9.072798734010283556e-09 5.054389326284059171e-08 6.547004213847789285e-08 3.133481937284994145e-08 -9.946421043250030416e-09 -3.799582210891224188e-09 3.611608368294580471e-08 3.245561086960063964e-06 3.265305076713926577e-07 -1.944767825169705501e-07 6.050187404413152126e-07 6.944202288967624372e-07 -1.498253735152888926e-06 1.370149408972197199e-06 7.783960074216152582e-09 3.880227949703605344e-08
-4.360782494121785607e-06 7.995438814335022189e-08 -1.756881082288525310e-06 6.547004213847791932e-08 9.446732112833491739e-05 4.737227604660320534e-06 4.649817383898385159e-05 1.187570875097224119e-06 1.462172772076605097e-06 3.155086784047495202e-04 -2.925862299543983646e-05 -7.667186368715927895e-05 -5.044429515478369774e-05 3.898411823352569022e-05 1.455506424565690623e-06 -1.949076498527636583e-05 2.919224174357379887e-06 -3.460912402744710167e-07
3.853681949518217514e-07 -3.182122425594976824e-08 -7.996495997494596932e-07 3.133481937284994145e-08 4.737227604660320534e-06 8.943050460687515733e-06 3.970759332764070756e-06 -3.186094533586157437e-07 1.118135867513179485e-06 -1.894564143777321635e-05 -1.888115292691796548e-06 4.691640938295172516e-06 -2.598052810805346176e-05 -3.376637332151171554e-06 6.545863764899409793e-06 6.510250752358560297e-06 2.762777220121685595e-07 4.168694928336844592e-07
-2.406162806119649659e-06 1.444847800597895237e-08 -1.056687510327635932e-06 -9.946421043250030416e-09 4.649817383898385159e-05 3.970759332764070756e-06 2.757663124246244695e-05 -7.759142066868487747e-07 -1.890977430835722997e-06 1.551123528631730630e-04 1.248620390666788587e-05 -4.062906534114453673e-05 -2.852193832104015024e-05 1.278108285737940499e-05 -7.576485401294796361e-06 4.494698902439909070e-06 -2.506578634612717016e-06 -2.366018181076536970e-07
-5.007109389372593231e-07 -2.749242107441788695e-08 -1.810933071731265672e-07 -3.799582210891224188e-09 1.187570875097224119e-06 -3.186094533586157437e-07 -7.759142066868487747e-07 1.584350704976391833e-05 -3.251763638830522962e-06 4.237068165243770411e-05 -7.564134701991966760e-06 -1.237708720931308976e-05 1.202537294302686946e-05 5.016424865914278723e-06 -7.657359357135162532e-07 -4.639195703960214933e-06 1.448334741212231403e-06 3.323864994777823338e-08
3.773642642056856937e-07 5.640523865266596413e-10 -1.840219297262812924e-07 3.611608368294580471e-08 1.462172772076605097e-06 1.118135867513179485e-06 -1.890977430835722997e-06 -3.251763638830522962e-06 6.537154030210958813e-06 3.949164050637033211e-06 -1.387562652583530678e-05 6.974026695752191954e-06 -3.862027763488420855e-06 9.722361627144695363e-06 2.510051246697825844e-06 -3.454949997501364883e-07 2.715943479234080070e-06 2.526673554407983670e-07
5.130735884159730222e-04 4.256402337275507873e-07 7.534940494666959027e-06 3.245561086960063964e-06 3.155086784047495202e-04 -1.894564143777320618e-05 1.551123528631730630e-04 4.237068165243769056e-05 3.949164050637035752e-06 5.832403098671283814e-01 -3.022710698120798217e-03 -6.461058177053158325e-02 1.069755530008270920e-03 5.938327513031371740e-02 -5.715079079616530028e-03 2.892791038313630853e-02 -9.336580521942790618e-08 3.482090450140024670e-05
-5.048367845593954668e-04 -4.615239271556188226e-07 -3.119551699111434888e-07 3.265305076713926577e-07 -2.925862299543985340e-05 -1.888115292691791042e-06 1.248620390666787909e-05 -7.564134701991970995e-06 -1.387562652583531356e-05 -3.022710698120797783e-03 2.101997500344696956e-01 -3.102997246082043223e-04 1.159541305261156847e-02 -2.867213204852785743e-03 -2.744873614107293594e-02 3.709589575997341519e-03 -3.029373381235093380e-05 -1.225526478856848951e-05
3.695186676540235065e-05 5.925716684915880057e-08 -2.115856625607672482e-06 -1.944767825169705236e-07 -7.667186368715929250e-05 4.691640938295172516e-06 -4.062906534114453673e-05 -1.237708720931308976e-05 6.974026695752191107e-06 -6.461058177053156937e-02 -3.102997246082043223e-04 3.444722453382237370e-02 -3.901220145463224422e-04 -2.082629088852092268e-05 1.232617579197521846e-03 3.962752467348143633e-03 2.405298592623426043e-06 3.783641994422734819e-06
-5.993392493979136731e-05 -1.022597196623998324e-07 2.230097396479603099e-06 6.050187404413153185e-07 -5.044429515478368419e-05 -2.598052810805346176e-05 -2.852193832104015024e-05 1.202537294302687793e-05 -3.862027763488423396e-06 1.069755530008270486e-03 1.159541305261156674e-02 -3.901220145463226048e-04 8.106772759124591943e-02 -3.294769445723558124e-04 3.314869843962644797e-03 4.167408697689680384e-03 2.429060751464269550e-06 -1.725479969160723304e-05
2.319895428800769293e-04 -7.325951759609157058e-09 4.340153955692622457e-07 6.944202288967625431e-07 3.898411823352569022e-05 -3.376637332151169860e-06 1.278108285737940499e-05 5.016424865914280417e-06 9.722361627144697057e-06 5.938327513031373128e-02 -2.867213204852785743e-03 -2.082629088852089896e-05 -3.294769445723559750e-04 1.587238838121562620e-02 -1.287382891346138501e-03 9.875254737412077558e-03 5.792542413806317376e-06 1.037948112050978044e-05
-3.479262839653166225e-04 7.084163939119837563e-08 -2.059701934502665749e-06 -1.498253735152888926e-06 1.455506424565683847e-06 6.545863764899409793e-06 -7.576485401294795514e-06 -7.657359357135142415e-07 2.510051246697826691e-06 -5.715079079616531763e-03 -2.744873614107293594e-02 1.232617579197521629e-03 3.314869843962644797e-03 -1.287382891346138718e-03 8.089303879726228441e-02 8.051629348286851867e-03 9.464703491579473291e-06 9.013150086817860225e-06
-3.482956736178769580e-04 4.683509006691670570e-07 -3.299566379579562222e-06 1.370149408972197411e-06 -1.949076498527637939e-05 6.510250752358551827e-06 4.494698902439908223e-06 -4.639195703960214933e-06 -3.454949997501378647e-07 2.892791038313630853e-02 3.709589575997341085e-03 3.962752467348143633e-03 4.167408697689679517e-03 9.875254737412077558e-03 8.051629348286851867e-03 1.160726778907108098e-01 -1.218042810977943516e-05 6.101475743712448454e-06
5.658219197328912804e-07 1.372625493054756345e-08 -2.938332169474074078e-07 7.783960074216159200e-09 2.919224174357379887e-06 2.762777220121684536e-07 -2.506578634612716593e-06 1.448334741212231403e-06 2.715943479234080070e-06 -9.336580521943207517e-08 -3.029373381235093380e-05 2.405298592623424348e-06 2.429060751464272515e-06 5.792542413806314835e-06 9.464703491579481762e-06 -1.218042810977943685e-05 4.614430112714451317e-06 -1.270537076394930304e-07
1.668855009194722264e-07 -2.181424614315510115e-08 -6.114342861844919281e-08 3.880227949703605344e-08 -3.460912402744711755e-07 4.168694928336846180e-07 -2.366018181076536970e-07 3.323864994777818044e-08 2.526673554407982611e-07 3.482090450140024670e-05 -1.225526478856849459e-05 3.783641994422731855e-06 -1.725479969160722966e-05 1.037948112050978044e-05 9.013150086817861919e-06 6.101475743712446759e-06 -1.270537076394930304e-07 6.123932093610641497e-06
